CZASY  OPERACJI W NANOSEKUNDACH
Wstawianie na koniec:
wielkosc struktury	[1,100]	[~INT_MAX/2]	[~INT_MAX]	[1,INT_MAX]
16		-434	132	119	124
32		173	183	184	175
64		259	685	362	250
128		548	368	532	1180
256		934	813	-90	863
512		1892	1712	1800	2070
1024		1126	3750	3730	3513
2048		4027	9681	7678	7354
4096		14359	15882	15982	20734
8192		44962	25974	28673	25828
16384		57848	52849	50918	52547
32768		115362	108312	102859	100500
65536		308838	265180	251628	215537
131072		418797	489470	422198	436223
262144		716689	736057	910022	959555
524288		1121672	1615783	1721839	1878039
1048576		2609238	3361680	3161265	1904244
2097152		5681475	6342318	7186313	7033833
4194304		16032659	14880406	14617248	15404773
8388608		33805509	31841788	29100326	31542594
16777216		59280950	60203859	59342609	59577726
33554432		118396248	120803108	121156525	109989961
67108864		242779525	239737028	240695756	246621948
134217728		450670316	511223573	-1115675566	365589170
Wstawianie na środek:
wielkosc struktury	[1,100]	[~INT_MAX/2]	[~INT_MAX]	[1,INT_MAX]
16		61	81	110	55
32		68	169	129	143
64		92	192	289	110
128		234	405	209	28
256		330	619	786	728
512		519	1419	2925	1232
1024		1254	3184	1900	4403
2048		630	6445	4875	7614
4096		9873	9339	17818	9374
8192		9198	26553	15769	31869
16384		49309	36197	53680	49070
32768		97493	71982	120212	40034
65536		96020	227257	159536	174839
131072		238564	254964	115142	171679
262144		529264	719823	388898	532889
524288		422885	809724	1087624	1146644
1048576		1704431	1776309	2642341	1374109
2097152		4817310	7823460	4737203	5466970
4194304		24593796	456962	4516854	14640968
8388608		47888147	26062965	30231776	23014738
16777216		39440137	36819592	31399156	37423322
33554432		63690925	91710515	78166142	34203621
67108864		162016720	402612465	369455953	33423645
134217728		54027728	229191173	364512798	328752452
Wstawianie na początek:
wielkosc struktury	[1,100]	[~INT_MAX/2]	[~INT_MAX]	[1,INT_MAX]
16		47	117	79	108
32		115	144	140	127
64		262	118	248	160
128		224	254	328	506
256		145	644	881	460
512		1379	485	1149	522
1024		1119	3260	1870	2068
2048		1098	4276	6936	2352
4096		4281	10690	-999	13617
8192		944	18788	6999	18192
16384		39802	7231	33222	44690
32768		54167	107284	37721	63617
65536		97383	145371	210909	121670
131072		199096	239876	309775	368701
262144		552036	773188	812622	622876
524288		389616	-18310	1250929	1921178
1048576		1855299	2200970	2288699	3200992
2097152		-878055	7265752	2077228	7096899
4194304		15202521	10491072	11568035	14581942
8388608		16633947	18475251	15950088	13608947
16777216		39614508	52056690	70205312	38176685
33554432		52233131	120737427	76300591	78823724
67108864		157679834	163895677	147664713	155483870
134217728		197395066	334778949	295206838	276436345
Wyszukiwanie - klucz poza przedziałem:
wielkosc struktury	[1,100]	[~INT_MAX/2]	[~INT_MAX]	[1,INT_MAX]
16		15	43	35	19
32		-11	133	106	80
64		85	36	273	187
128		299	146	152	248
256		561	735	596	218
512		-37	1243	1548	1625
1024		1041	1974	1481	2258
2048		3396	3712	1837	1467
4096		8495	12479	7902	4189
8192		3517	27680	25592	14850
16384		12882	20350	58368	16930
32768		48483	42447	45667	117400
65536		182798	134678	27148	77386
131072		327510	407026	321559	-13440
262144		43523	1183656	782279	582672
524288		943160	399976	1924883	1863544
1048576		1781031	2351818	933665	1785409
2097152		230091	8539300	2222689	3092801
4194304		11177237	10558187	15486735	11988966
8388608		15173523	15798959	20351226	19713025
16777216		39974736	43033801	27422699	34983205
33554432		51409770	68009899	66518285	59162176
67108864		113677887	140830154	120038868	134434408
134217728		254900815	266834348	323296577	234211890
Usuwanie z końca:
wielkosc struktury	[1,100]	[~INT_MAX/2]	[~INT_MAX]	[1,INT_MAX]
16		24	65	125	-60
32		40	104	44	80
64		185	163	233	64
128		207	374	338	532
256		41	689	437	720
512		2862	959	1716	830
1024		1771	4852	2726	3433
2048		1924	5541	10573	6176
4096		9803	5002	10635	20451
8192		16196	29844	16824	-34508
16384		16172	33754	82737	43384
32768		71805	-117630	67361	86089
65536		140449	255437	84717	156055
131072		348026	545729	667247	215163
262144		556519	424958	689958	2552084
524288		-797278	1405095	281968	1754403
1048576		3523856	1695669	3156548	-100230
2097152		3794260	2579628	6605180	1564815
4194304		13209241	11718419	12693672	12478124
8388608		19236001	30915363	26922454	6313851
16777216		57849421	59760548	56529476	45536991
33554432		77082092	92868974	83668781	99106758
67108864		187178533	187962738	221751624	142151380
134217728		372993122	355768761	391983486	322772319
Usuwanie z środka:
wielkosc struktury	[1,100]	[~INT_MAX/2]	[~INT_MAX]	[1,INT_MAX]
16		36	37	51	28
32		56	131	76	113
64		161	108	193	148
128		327	79	295	341
256		473	850	634	622
512		1766	48	2094	540
1024		1663	3658	2364	2626
2048		3068	6653	4898	4939
4096		10499	3650	15479	6624
8192		14889	31580	21987	30482
16384		6018	42066	24499	40341
32768		97114	46636	82553	68199
65536		155970	217568	6957	176141
131072		149643	232227	446341	63468
262144		564914	763046	568783	1051248
524288		564010	1371794	1072668	1091681
1048576		3001280	2281928	2455349	4219716
2097152		3911493	6347200	5565675	3056132
4194304		10886408	6226586	33102609	27173536
8388608		20056268	28815960	33493403	19771562
16777216		49224445	53658638	56704900	51120994
33554432		78692101	76851682	93704399	104135851
67108864		181998501	181588808	152214725	155090963
134217728		315770042	340444793	378090897	325121091
Usuwanie z początku:
wielkosc struktury	[1,100]	[~INT_MAX/2]	[~INT_MAX]	[1,INT_MAX]
16		-38	-15	-2	25
32		14	-12	-76	-25
64		-41	90	-23	-33
128		-242	213	-109	21
256		-495	94	-39	33
512		-1027	-337	509	593
1024		-768	-1247	-928	2485
2048		1101	17	-2621	452
4096		-1451	1301	-866	-4519
8192		-991	7910	308	-12036
16384		-27423	32605	13762	-710
32768		-49556	138	47134	-15448
65536		12786	-48488	42776	82337
131072		-149901	-102752	-4605	10078
262144		11000	-16563	-260915	92382
524288		145777	205046	-741675	-810014
1048576		-4152152	1452288	1203175	-988060
2097152		-631064	-395652	-570786	-118428
4194304		-2388758	-2968583	1649079	-3783019
8388608		-4759819	-3256459	-10589337	-2899945
16777216		908260	-15061224	-15192212	6678731
33554432		-23586929	-5782840	5389167	2263679
67108864		9799117	-12513067	-30088134	23756585
134217728		-10234702	-24087887	6370948	-20741161
